num_layers:4
parameter:0
dims:['5', '30']
name:coefficient
values:[-0.23224695042085655, -0.7367891748250369, 1.402351766808709, 2.596486110514649, 0.6526878437007632, 2.000404482934168, 0.848897850312336, -0.7192287194042501, -0.16043961377181615, -4.427598294635826, 0.3509824759291217, -1.1380924436873758, -4.142756340369454, -0.8760386028982992, 1.60724962388978, -0.3508385965190696, -0.7366723305063324, -0.6578307273765278, 1.0730907994614054, -0.9881677414264629, -0.5368208849325693, -3.7411630810328687, -1.1849265769909714, 0.9633069425897153, 1.3807781033351225, 1.00476702791889, 0.4639211169977572, -0.23223637797130217, 5.22955232179208, 2.3677186433238284, 1.8814788014407993, -2.693571944885546, -0.6421277507235662, -0.5619401427140454, 3.6316865206455753, 0.7500812804682367, -2.882543175098023, -1.0906562221461866, 1.2412979434217577, 1.7166086304417592, -0.7493374591362698, 0.8278573384725278, 4.516433392870285, -1.2173981337682576, 3.7467467672265258, 0.9297299797157961, -5.138219224098943, -0.3195132414435074, 1.681552846808671, -1.1117101615584488, -0.2614281532399831, 1.9066376156342744, -2.7059579065030754, 0.4684821690821909, 1.57628827017276, 0.7796271884327028, -2.691343783414148, 0.1719004112286138, -2.193585762872885, 0.6760230196879611, 0.7316777654700835, 1.6312589159054944, 1.324803440361498, -0.4232989588622226, -0.5962218168618317, -0.12781040759064208, -1.1749457288668435, 0.17868201552753407, 1.4021993920312554, -0.4329896268399636, 0.6090650982011615, 1.047194872865958, -0.6474792785523351, 1.6990543442409085, -3.365667781894602, 2.775063868403009, 1.8228551235317563, -0.8556713193143398, -0.33709552584957664, 0.8698490373805293, -1.8230617131303963, -0.5141438652469817, -0.9763837288115764, -0.15766606826522928, -1.8148820902361247, -0.07186101946005442, -0.1868408678653568, -1.9866662392555556, 0.4061058016794783, 0.0663284588893659, -0.37303404631130843, 3.102412314924161, 0.013573256767546412, -0.21194279346399655, -1.3490510724842995, 0.336049785226708, 0.3488893917602407, -0.03644544660343614, 2.3251479709362104, -0.6402753074702004, -3.7731404468523806, 0.9253027295942104, 0.19103708478962492, 0.296972263528902, -5.971783348599355, -2.8173207529478863, 1.357774365789818, -0.39003436456099305, 2.383470241265419, -0.020545985111546337, -1.5061487863373186, -0.552520140399364, 3.278356755612915, 1.11330985827606, 2.6126224234240474, -0.8416743518174862, 0.47289665412468546, 0.8121131377055691, 0.861133665547442, 0.004596568680392947, 0.5814763034336002, -2.107080940201258, -1.8519728181519342, -0.4547318157002838, 0.16409442399815585, -1.3440833180177993, -0.9896892541434834, -0.0562805929221056, -1.885633132077635, 0.003007675341192182, 2.1732434658124054, -0.9447561015106626, -0.6268286295132652, -0.5826628331241201, 1.8985701981433687, 1.582432914989551, -0.27608325788843835, 0.1835034525696256, -1.6300166892965204, -0.015343240209711919, 1.5698122942636061, 0.22352317432329427, -1.3448788976591377, -0.2739435792450256, -1.707433438442294, -0.2646894129692926, -0.09082441359412945, -0.31041955011122674, -0.3295117620495894, -2.126172953669925]
parameter:0
dims:['1', '30']
name:intercepts
values:[-0.4990009230151305, 1.2738825253795598, -1.2701917334179624, -3.2657002748146646, -0.5045556737399105, -2.090278433615671, -1.215104140442482, -1.031057836741903, 0.8767020051107013, -0.4165461104867504, -2.908902613469925, -0.6241583046249756, -1.6374925972434065, -1.5042013496048927, -2.044811065403312, -2.2071898508275893, -0.3311329066980605, -1.0613641301579748, -1.1199221315290042, -1.2425107090527476, -1.5548416727680319, -0.7543734289353746, 0.4729855435540104, -1.4196700343853517, -1.9279592736272084, -1.2034045835976241, -1.1123605697158292, -0.6192008527182353, -0.10488734351865449, -2.3778159980993423]
parameter:1
dims:['30', '15']
name:coefficient1
values:[-0.7399064861045953, -0.7613125820825867, -0.9450697390299785, 0.07164787955961706, -0.5062300440828901, 0.967600422283986, -0.3414391526193292, -0.039486693555769004, -0.0206329952787531, 0.42763680636783236, -0.28549327665886604, -0.7840357220469163, 0.14632836299464366, 0.2754766740571095, 0.8135166449852572, -0.03301653321436311, 0.1801942349874262, 0.15585822749924483, -0.4918860676642984, 0.0453913241310096, -0.9945845527560739, -0.10791063340003093, -0.1890315495550504, -0.42986054923436035, -0.47493652380646934, -0.07493199937396809, 2.3525299566809212, 3.1602315509269827, -0.4941102349852413, -0.9998383584940113, 0.3074668151604303, 0.30477670474385343, 0.29874267982689234, -0.9438920312542773, 0.19519587095864765, -0.7671806851425297, -0.17727720229526894, 0.18603281721257167, -1.2590406243288779, -1.2745137393814607, 0.013028393523595526, 1.1335159181882353, -0.38898567499149345, -0.20631936141646323, -0.07793464190751175, 0.5570876920820537, -0.0970215546613106, 0.17833747051054596, -0.8114725276222979, 0.1285962191504674, -0.2928210842552717, -0.0378812883286686, 0.09408484636040904, -0.7366526932318147, -3.100480520732327, 0.2499527400488396, 0.3311218556085767, -0.8101213817955776, -0.3610899658545202, 0.5037739639593727, -0.5435531204424149, -0.6187202017079446, -1.2142166059245871, -0.15612318540197612, -0.521647802601726, 1.2452959974192839, -0.36817636113890606, -0.1975610162823926, -0.08920334206925093, -1.493780071983808, 0.021665869190684646, -1.566083689566949, -1.627626394027366, 0.4018195381169225, 1.2034033950841538, 0.319789009761775, 0.13654720188405703, 0.06647601039231046, -0.06543057036940282, -0.055521926162658296, -0.6030538927042037, -0.211687301568491, 0.0477447381087959, -0.2146494873817329, -1.178909187526878, 0.2893605468080329, 0.9021534100495483, -1.4581648909408909, 0.12609536441766941, 0.20111079177871896, 0.5303508495769137, 0.09995731883194217, 0.8532828505882364, -0.5657681172622997, 0.4006918815904776, -1.480460390316946, 0.30858188920338075, -0.03934256417569727, -0.6648789000748825, -0.9970308020365494, 0.1666176832667468, 2.5652692945736604, 0.686923797290554, -0.35695474050948883, -0.5553898055065094, -0.35095518634766987, -0.11340814046047179, 0.47380707736678196, 0.15103637232646228, -0.0677860048931144, -0.5117621165285798, -0.04825781048837135, -0.15694090406108402, 0.18404356757651838, 0.614584959895406, -0.2871108175682454, 0.9190608582521733, 0.22685297259881437, -0.16195027570363205, -0.7958824803756744, -0.21643414838183656, -0.23112508179077065, -1.3571503424767049, -0.06388433937834767, -0.06237783207214652, -0.9523289810238461, -0.24768797540979648, -0.10765194635318821, -0.36359660911536196, -0.3344486910106034, -0.05022093798871806, 0.11085605454791529, 0.557998876805105, -0.19021871069804477, -2.5622223330859786, -0.5014690282970033, -0.04931740681345246, 0.5237135060310452, -1.3705144824428148, -0.3254598707071204, -0.646138198838313, -0.6052459949320125, -0.3598065524673757, -1.3413822843408194, -2.1950335227581914, -0.1664296459043556, -0.3648953455270542, -2.5941012013476388, -0.6638152693893539, 2.5633284219973755, -0.017560047405841064, -0.3854085497851912, 0.5271536199565395, -0.4022715388221158, -0.30847807498859686, 0.542551829470421, -0.37854503786903987, -0.25240401112327876, -0.6510757207852931, 1.2555780438421744, -0.06729980515990419, -0.7872207983497926, -1.31646982653676, -0.25489787352032256, 3.2884797486650355, -0.8254275150423767, -0.5009948657336276, -1.1023948105702004, 0.24493115597300852, -0.3440594954441454, -0.4190816597299479, -0.5938077422390171, -0.24348428832435395, 0.28639738389388264, 1.192154947040542, -0.4616156392890734, 0.39068536166120843, 0.2994651301756897, -0.3843719664985005, -0.3721793128002181, -0.3353132235319459, -0.08990726135066773, -0.9019740272082066, -0.8466618760269603, -0.07058895881393121, 0.5922298975674327, -0.28622122640019854, -0.20870019613512863, -0.903785170872782, -4.526303416886368, -0.3385365376782411, -1.220029647633539, -2.271777656760027, -0.5201699574854919, 2.974052696257819, -0.035208590425522164, -0.3171119889743026, 0.08626191162857912, 0.15147352265769867, -0.1381516101935772, -1.030499446807237, -0.10240099089048578, -0.29308279328678477, -0.3766250185116651, 0.7620581826711192, -0.1493476003039267, 1.6628376196979358, 0.41863702521066015, -0.06454420439470038, -1.5990497470555567, 0.025855370575062108, 0.06929261419746728, -0.1550699849075198, 0.06841280155411221, -0.1023549846427591, 1.0829672171895979, -0.1369461733512709, -0.033418059604868565, 0.3960066713829684, 1.5527557151094287, 0.2512504616098715, -3.840594959014219, -4.60052291210208, 0.23931235185992633, 3.6293996179483763, -0.3534932374935962, -0.5281382284108684, -0.19624161435699128, 0.11156212449304663, -0.36990937355376474, 1.0923493095061976, -0.09348556812065081, -0.03345076697713385, -0.19900793617241253, 2.5558023292889693, -0.3006333741414956, -1.0433726391804972, -0.5540879635157316, 0.09971735795808376, 2.549155767482836, -0.17910791870170018, 0.10098317431920309, 1.3096585883717315, -0.2975476916278764, -0.12203570671112386, -1.8479699752416496, 0.27898162978181973, -0.14913971199581, -0.3503949406103596, 1.537879408212227, -0.4327759196064212, 2.875769217631027, 2.938008852748822, -0.22592090999575515, -2.112613526183705, -0.6046532168476342, -0.1422125244478798, -0.1451403297554628, 0.19328722835335857, -0.12372625883190355, -0.3092326041201774, -0.2148008806006794, -0.24767743310732532, 0.685323448701635, 1.156369854542503, -0.2363257796275285, 0.36992683845993024, -0.10547749353455842, 0.01830069374767124, -0.03380835344975689, -0.268285911831134, -0.8468636924203271, -1.2761704664859503, -0.2132105757377871, -0.41285956859391637, -1.4952800867455889, -0.3167805912819467, -0.45228059643051655, 0.05959120811024068, 0.4570545160277675, -0.446193493967666, -0.7849521447562149, -0.7840087424357269, -0.5875868577889456, -2.8335506669400323, -0.48203201033417986, -0.06967482219453117, 0.605106474606263, -0.23105837519630315, -0.20793175669242792, -0.532885387311392, -0.33079104517400854, -0.34602346499243486, -0.18773519968508423, 1.2368682279534435, -0.0557085051331744, 1.2858922224303573, 0.676843708796022, -0.17913975009003402, -1.0818327388476114, -0.6030051339465101, -0.25214758676377896, 0.047632672994153934, 0.5646987569219057, -0.49775886452887796, 0.5492054263991186, -0.4563808971786528, -0.020992502042782486, 0.9766770201966258, 1.778201410475364, -0.30779483104543964, -0.4286732988157336, -0.7986397825081872, 0.38990732673575085, 0.8089367756035175, -0.20172024107271042, -0.1451440889359181, 0.301482956845829, -0.7660927752185428, -0.36130260975810746, -0.2554341950523647, -0.4327224515855852, -0.27735012674622983, -0.9184834178115434, -1.8388815806282068, -0.431136097093144, -1.0231109487597625, -1.8578848004151283, -0.35755029443361075, 2.3913461373280978, -0.0628387630135895, 0.027538431656338968, 0.0754093024272957, 0.16071057102276484, 0.005348751726640302, -1.3485250845411363, -0.08105963148587929, -0.4347305717661599, 0.5359848133568157, -0.7863983761153077, -0.4142884718695841, 1.9352290297959074, 2.7164795805863715, -0.5084510509561755, -1.64580428212378, 0.10728849746278815, -0.1402591315318359, -0.025789149294152044, 0.1484483716876849, 0.16950705066187288, -0.7659971239918034, 0.023718373179573902, -0.09838851048388857, 0.005343125025185408, -0.3193497191362087, -0.15800100939351505, 0.13194912085096222, -0.9801050713914556, -0.22897456974094413, -1.0452057723674517, -0.42174226883234706, -0.9726555665040743, -1.1806085457586002, 0.20427727261323358, -0.45571835478619194, -1.5415699754388221, -0.5584670141681136, -0.3441093488372597, 0.24383356450172505, 1.2435641590326163, -0.5270767406227839, -1.1857009415325006, -0.7712797100516151, -0.4116557605314887, -3.4479854008836046, -0.018358311169687804, -0.5366794510207128, -0.4196366566768558, -0.32742859612889724, -0.23968236798889248, 0.34353776902068606, -0.21784825246982636, -0.27695301846874887, -0.4276661767183208, -0.8298022430471266, -0.17848399484251795, 0.1098776959497652, -0.30556456058062803, 0.10545421147801075, 0.9198585093863204, 0.4266752638739865, 0.45184028448783753, 1.1701902449228283, -0.43421724233482484, 0.14192116287265832, -1.2231413042263262, 0.15502129643404522, -0.22453245921438017, -0.8953172961370403, -0.3210314887697611, 0.09860190312706327, 1.9349107116680175, 1.513368795670374, -0.3135944976944815, -0.5781783428475643, -0.4074539637554523, -0.5176567949157368, -0.7483416090777195, 0.5619520834042734, -0.5008271980343516, -0.6014695882747445, -0.3758957861041976, 0.031075355363985053, 0.6438699657811545, -0.7881681348284806, -0.5352300158128966, -0.009561779270040996, -0.007476936082794512, 0.21750345198777715, -1.3814361919079128, -0.29799133810090267, -0.7661637729706909, -0.9342625955130555, 1.3778992470415068, -0.35127062852655977, 0.3098959291431367, -0.14581480629846003, 0.23114103541962525, 1.432886175812777, 2.7088500340700192, -0.20472738317300032, 0.8312253001612596, 4.818385587233157, 0.8320270596776916, -3.226047050014657, 0.6099722248861619, 0.3313532576421973, 0.46914108584685327, -0.7226459213893677, 0.1766206317977467, -0.8068361116280255, 0.09788229621007467, 0.24002803205041154, -0.45290509083848357, -1.441988921009699, 0.43502440334954634, 1.2780771060274416, -1.4710866929428017, -0.15053888666694512, 0.7292079917295239]
parameter:1
dims:['1', '15']
name:intercepts1
values:[-0.5097144166788286, -0.3524726532410086, -0.05505696952407073, -0.07145788146764226, -0.4906951822297526, -0.6089294728139213, -0.23814105114534606, -0.32129047266110056, -0.22467890143653105, 0.19546847819323407, -0.34116516414213943, 0.5763083601291319, 1.013761106801253, 0.03655042574815978, 0.2573237698566551]
parameter:2
dims:['15', '3']
name:coefficient2
values:[0.4495731958145124, -0.7022609971886047, -0.7800901675776567, 0.6377191163359383, -0.09482827496539066, -0.6179138272318107, 1.3251272890862478, -0.7242814869410054, -1.9908891508755968, -0.7425717558941336, 0.8019577437966309, -1.6338476280533636, 0.21125094190386645, -0.5507224872491028, -0.5482479600117648, -1.1656191244811163, 3.0259347134648036, -2.7313392261463783, -0.09879897790862088, -0.5340219876505616, -0.9075988744856293, 0.24489283610933635, 0.19240229757421726, -1.10957205551261, -0.9180823209899687, 1.2714197038490094, -1.6341406098536422, -3.0226857350831122, 2.983176792041831, -1.240465311598645, 0.4043024941376176, -0.018641315577253036, -0.9462225501232037, 2.278301692054733, -1.1985641580169162, -2.2628799687892354, -2.14049667871512, 2.0502979008431645, -0.09175270014909044, -0.2168324034374315, 0.4542103472332256, -1.9368684986834996, 2.314622106561356, -2.7071593225323594, 0.037976397180592904]
parameter:2
dims:['1', '3']
name:intercepts2
values:[-1.211867687653458, 0.08948654963263011, -0.38433687298372204]
